<svg width="101" height="40" viewBox="0 0 101 40" fill="none" xmlns="http://www.w3.org/2000/svg">
<g clip-path="url(#clip0_5726_95218)">
<g clip-path="url(#clip1_5726_95218)">
<mask id="mask0_5726_95218" style="mask-type:luminance" maskUnits="userSpaceOnUse" x="0" y="15" width="101" height="23">
<path d="M100.741 15.5557H0V37.7779H100.741V15.5557Z" fill="white"/>
</mask>
<g mask="url(#mask0_5726_95218)">
<path d="M24.7462 37.8077C24.593 37.7788 24.4554 37.7381 24.3149 37.7229C22.9618 37.5767 21.6959 37.1768 20.5553 36.4403C20.1832 36.2 19.8341 35.9176 19.5052 35.6214C18.1913 34.4382 17.4493 32.9425 17.0954 31.2477C16.9319 30.4652 16.868 29.67 16.9054 28.8719C16.9713 27.4645 17.3011 26.1216 17.9953 24.8796C18.3061 24.3236 18.6817 23.8114 19.118 23.3394C19.7943 22.6077 20.5881 22.0382 21.4884 21.6058C22.2877 21.2219 23.1319 20.9843 24.0125 20.8776C24.4061 20.8298 24.8043 20.7866 25.1998 20.7908C26.5835 20.8055 27.929 21.0165 29.1701 21.66C30.4206 22.3083 31.3984 23.2418 32.1222 24.4345C32.7683 25.4995 33.1481 26.6585 33.3416 27.8751C33.4377 28.4792 33.4752 29.0925 33.5296 29.7025C33.5526 29.963 33.5481 30.2259 33.5611 30.4875C33.568 30.6294 33.5042 30.6875 33.3633 30.678C33.298 30.6736 33.2324 30.6776 33.1668 30.6776C29.5039 30.6776 25.8411 30.6776 22.1783 30.6776C22.1178 30.6776 22.0574 30.6768 21.9969 30.678C21.8361 30.6811 21.8107 30.7064 21.8357 30.8646C21.9436 31.5471 22.153 32.1936 22.5607 32.7653C23.1533 33.5961 23.9745 34.0562 24.9908 34.1821C25.5283 34.2487 26.0653 34.236 26.595 34.1038C27.406 33.9014 28.0156 33.4439 28.4072 32.7163C28.4729 32.5942 28.5511 32.5469 28.6901 32.5472C30.1512 32.5509 31.6125 32.5491 33.0734 32.5499C33.2817 32.55 33.305 32.5789 33.2527 32.7783C33.0471 33.5625 32.6658 34.2595 32.1567 34.8917C31.4377 35.7841 30.5434 36.4635 29.5063 36.9596C28.648 37.3702 27.7387 37.6177 26.7892 37.7217C26.6514 37.7368 26.5153 37.7669 26.3716 37.7989C25.8299 37.8077 25.2951 37.8077 24.7462 37.8077ZM25.2946 24.3277C25.1995 24.335 25.1044 24.3446 25.0091 24.3493C24.1969 24.3896 23.4821 24.667 22.9111 25.2395C22.3361 25.8161 22.0554 26.5458 21.8771 27.3191C21.8553 27.4137 21.8945 27.4619 21.991 27.4662C22.0513 27.4688 22.1118 27.4689 22.1723 27.4689C23.7641 27.4691 25.3558 27.4691 26.9476 27.469C27.3707 27.469 27.7939 27.4697 28.217 27.4686C28.4447 27.4681 28.4735 27.4425 28.4259 27.2288C28.3648 26.954 28.3086 26.6753 28.2126 26.4115C27.8901 25.5248 27.3092 24.8683 26.4011 24.5176C26.0537 24.3834 25.6883 24.3525 25.2946 24.3277Z" fill="white"/>
<path d="M100.771 37.3185C99.1992 37.3324 97.627 37.3326 96.0548 37.3323C95.7875 37.3323 95.7827 37.3279 95.7827 37.0675C95.7827 33.9234 95.7869 30.7792 95.7791 27.6351C95.7776 26.9848 95.6158 26.368 95.2079 25.838C94.7632 25.2597 94.1543 24.9912 93.4277 24.942C92.7556 24.8965 92.1389 25.0389 91.5825 25.4178C91.055 25.777 90.707 26.2698 90.4862 26.8536C90.3021 27.3405 90.2178 27.8449 90.2184 28.3657C90.2211 31.2375 90.2196 34.1093 90.2196 36.981C90.2196 37.0405 90.2169 37.1 90.2193 37.1593C90.2241 37.2758 90.1742 37.3374 90.0503 37.3318C90.0152 37.3302 89.9798 37.3324 89.9447 37.3324C88.453 37.3324 86.9615 37.3326 85.4701 37.3323C85.2052 37.3323 85.2007 37.3278 85.2007 37.0647C85.2007 31.8856 85.2007 26.7064 85.2007 21.5273C85.2007 21.2646 85.2052 21.2602 85.4704 21.2601C86.9116 21.2599 88.3526 21.2599 89.7939 21.2601C90.0666 21.2601 90.0681 21.262 90.0684 21.5375C90.0687 22.1019 90.0681 22.6664 90.069 23.2308C90.0693 23.2921 90.0781 23.3534 90.0829 23.4147C90.0959 23.4189 90.1086 23.4231 90.1216 23.4273C90.1543 23.3886 90.189 23.3517 90.219 23.3112C90.7281 22.6206 91.3129 22.0076 92.0657 21.5655C92.7735 21.1498 93.5393 20.9166 94.3593 20.8376C95.308 20.7462 96.2383 20.8134 97.1438 21.1172C97.8048 21.3391 98.3928 21.6825 98.9104 22.1471C99.9305 23.0627 100.453 24.2256 100.682 25.5389C100.698 25.6346 100.729 25.7279 100.763 25.8288C100.771 29.6583 100.771 33.4814 100.771 37.3185Z" fill="white"/>
<path d="M74.3609 37.8078C74.2433 37.7792 74.1414 37.7385 74.0362 37.7239C72.4431 37.5027 71.0106 36.9144 69.7704 35.9023C68.9719 35.2507 68.3364 34.4655 67.8451 33.5638C67.2906 32.5452 66.9674 31.458 66.858 30.315C66.7007 28.6724 66.9021 27.0745 67.5987 25.5582C67.9639 24.7638 68.4489 24.0464 69.0584 23.4076C70.4168 21.9832 72.1033 21.1976 74.0504 20.9314C75.5606 20.725 77.0536 20.8185 78.5106 21.2849C79.5818 21.6278 80.5405 22.1664 81.388 22.9002C82.1855 23.591 82.8038 24.4138 83.2695 25.3458C83.7493 26.3057 84.0147 27.3265 84.1172 28.3918C84.2509 29.7815 84.1006 31.136 83.6253 32.4521C83.2936 33.3699 82.8162 34.2084 82.1695 34.9494C80.7827 36.5386 79.0112 37.4266 76.9169 37.724C76.8193 37.7379 76.724 37.7678 76.6209 37.799C75.8678 37.8078 75.1213 37.8078 74.3609 37.8078ZM75.6292 34.1832C76.4495 34.1582 77.1639 33.8769 77.7529 33.3141C78.353 32.7404 78.6844 32.0194 78.8797 31.2324C79.0962 30.3594 79.1373 29.4735 79.0657 28.5799C79.0007 27.7683 78.8323 26.983 78.445 26.2565C77.7335 24.9229 76.5475 24.3484 75.0636 24.479C73.8808 24.5832 73.0487 25.2168 72.5109 26.2374C72.0462 27.1188 71.9041 28.0768 71.8729 29.0524C71.8599 29.466 71.8938 29.8824 71.9286 30.2958C71.9954 31.093 72.1992 31.8546 72.5982 32.558C72.9441 33.1676 73.4252 33.6355 74.0818 33.9209C74.5668 34.1317 75.0738 34.2076 75.6292 34.1832Z" fill="white"/>
<path d="M0.0307617 21.2725C1.61795 21.2598 3.20512 21.2597 4.7923 21.2599C5.05858 21.26 5.06024 21.2599 5.15406 21.5004C6.03911 23.7686 6.92313 26.0372 7.80836 28.3053C8.1852 29.2708 8.5641 30.2355 8.94275 31.2003C8.95466 31.2307 8.97432 31.2581 9.01135 31.3247C9.08869 31.1362 9.15545 30.9801 9.21728 30.822C9.84591 29.2149 10.4743 27.6077 11.1016 26.0001C11.6857 24.5034 12.269 23.0064 12.8514 21.5091C12.9476 21.2616 12.9447 21.26 13.2054 21.26C14.712 21.2597 16.2186 21.2598 17.7251 21.2599C17.7554 21.2599 17.7856 21.2594 17.8158 21.2605C17.9734 21.2665 17.9961 21.2977 17.9397 21.4422C17.7704 21.8765 17.5986 22.3099 17.4291 22.7441C16.7889 24.384 16.1499 26.0242 15.5092 27.6639C14.9479 29.1003 14.3842 30.5359 13.823 31.9723C13.186 33.6028 12.5507 35.2338 11.9143 36.8645C11.8765 36.9616 11.8257 37.0551 11.7999 37.1549C11.7627 37.2987 11.6732 37.3345 11.5335 37.334C10.4301 37.3306 9.32658 37.3323 8.22311 37.3323C7.63862 37.3323 7.0541 37.3293 6.46967 37.3343C6.33468 37.3354 6.26242 37.293 6.2122 37.1635C5.60654 35.6007 4.99533 34.04 4.38505 32.479C3.87406 31.172 3.36177 29.8654 2.85124 28.5583C2.21263 26.9231 1.57553 25.2874 0.937181 23.6522C0.664887 22.9546 0.391445 22.2576 0.117043 21.5608C0.101179 21.5206 0.0719397 21.4854 0.0398435 21.4429C0.0307617 21.3871 0.0307617 21.3362 0.0307617 21.2725Z" fill="white"/>
<path d="M51.324 15.5854C51.3382 16.9512 51.3382 18.317 51.3382 19.6827C51.3379 19.9482 51.334 19.9524 51.0712 19.9525C49.5656 19.9527 48.0599 19.9527 46.5542 19.9525C46.296 19.9524 46.2894 19.9461 46.2894 19.6957C46.2891 18.3349 46.2891 16.9741 46.2891 15.5994C47.9625 15.5854 49.6363 15.5854 51.324 15.5854Z" fill="white"/>
<path d="M61.3084 30.5517C60.7188 31.2011 60.1365 31.8429 59.5542 32.4848C59.3135 32.7504 59.0719 33.0156 58.8334 33.2832C58.8068 33.3133 58.7971 33.3581 58.7793 33.396C58.8195 33.4105 58.8588 33.4325 58.9002 33.4377C58.9598 33.445 59.0212 33.4404 59.0816 33.4404C61.4946 33.4405 63.9079 33.4404 66.3212 33.4406C66.3868 33.4406 66.4573 33.4289 66.5162 33.4488C66.5625 33.4645 66.6057 33.5149 66.6299 33.5604C66.6487 33.596 66.6369 33.6476 66.6369 33.6921C66.6372 34.8209 66.6372 35.9496 66.6369 37.0784C66.6369 37.3231 66.6281 37.3321 66.3841 37.3321C61.8949 37.3323 57.406 37.3323 52.9171 37.332C52.6801 37.332 52.6692 37.3213 52.6692 37.0884C52.6686 35.9943 52.671 34.9002 52.6665 33.8061C52.6662 33.6684 52.7019 33.5551 52.7941 33.4547C53.175 33.0402 53.5566 32.6262 53.9354 32.2099C54.4113 31.687 54.8839 31.1608 55.3601 30.638C55.7492 30.2109 56.1431 29.7881 56.5323 29.361C57.0088 28.8383 57.4813 28.3122 57.9575 27.7894C58.343 27.3659 58.7321 26.9452 59.1191 26.5229C59.4859 26.1225 59.8523 25.722 60.2172 25.32C60.2487 25.2856 60.2668 25.2397 60.31 25.1676C60.2015 25.161 60.1244 25.1523 60.0476 25.1523C57.715 25.1516 55.3821 25.1517 53.0496 25.1517C52.9891 25.1517 52.9286 25.1525 52.8682 25.1511C52.6922 25.1472 52.6701 25.1272 52.6698 24.9489C52.6683 24.4093 52.6689 23.8697 52.6689 23.33C52.6689 22.726 52.6686 22.1221 52.6692 21.5181C52.6692 21.2664 52.6756 21.26 52.9326 21.26C56.5199 21.2598 60.1072 21.2598 63.6942 21.2598C64.4751 21.2598 65.2561 21.2596 66.037 21.26C66.3004 21.2601 66.3043 21.2643 66.3043 21.5292C66.3046 22.6134 66.2992 23.6976 66.3097 24.7817C66.3116 24.9784 66.2432 25.1214 66.1181 25.2578C65.6597 25.7567 65.202 26.256 64.7469 26.7579C64.2154 27.3446 63.6881 27.9353 63.1566 28.5222C62.7856 28.932 62.4098 29.3379 62.0373 29.7465C61.7961 30.0115 61.5563 30.2782 61.3084 30.5517Z" fill="white"/>
<path d="M42.2798 25.7267C41.0453 26.1325 40.3088 26.9854 39.9445 28.1729C39.7588 28.7783 39.6981 29.4035 39.6981 30.0345C39.6981 32.376 39.6981 34.7174 39.6981 37.0589C39.6981 37.3303 39.6959 37.3321 39.4193 37.3321C37.9384 37.3323 36.4572 37.3324 34.9761 37.3321C34.7163 37.332 34.7097 37.3257 34.7097 37.0768C34.7094 31.8889 34.7094 26.701 34.7097 21.5132C34.7097 21.269 34.7185 21.2601 34.9631 21.26C36.3886 21.2597 37.8145 21.2596 39.24 21.2601C39.4752 21.2602 39.4861 21.271 39.4861 21.5056C39.4867 22.2382 39.4861 22.9708 39.487 23.7035C39.487 23.7649 39.4958 23.8264 39.5003 23.8878C39.513 23.8925 39.5257 23.8973 39.5384 23.902C39.5702 23.8639 39.608 23.829 39.6334 23.787C39.9611 23.2435 40.349 22.7479 40.8173 22.3126C41.4556 21.719 42.2111 21.3629 43.0758 21.2342C43.6152 21.1539 44.1576 21.1324 44.6985 21.23C44.9479 21.275 44.9585 21.2888 44.9585 21.5386C44.9588 22.801 44.9588 24.0633 44.9585 25.3256C44.9585 25.5537 44.9573 25.5549 44.723 25.5384C44.4572 25.5197 44.1918 25.4815 43.926 25.4823C43.3706 25.4839 42.8216 25.5473 42.2798 25.7267Z" fill="white"/>
<path d="M51.3386 34.1831C51.3386 35.1634 51.3389 36.1288 51.3383 37.0942C51.338 37.3186 51.325 37.3318 51.0995 37.3319C49.5781 37.3324 48.0564 37.3324 46.5347 37.332C46.3034 37.3319 46.2898 37.3194 46.2898 37.1003C46.2895 31.897 46.2895 26.6937 46.2898 21.4904C46.2898 21.2725 46.3037 21.2601 46.5362 21.2601C48.0527 21.2597 49.5693 21.2597 51.0858 21.26C51.3295 21.2601 51.3383 21.269 51.3383 21.514C51.3386 25.7321 51.3386 29.9502 51.3386 34.1831Z" fill="white"/>
</g>
</g>
</g>
<defs>
<clipPath id="clip0_5726_95218">
<rect width="100.741" height="40" fill="white"/>
</clipPath>
<clipPath id="clip1_5726_95218">
<rect width="100.741" height="22.2222" fill="white" transform="translate(0 15.5557)"/>
</clipPath>
</defs>
</svg>
